CHR	segStart	segEnd	mafPred	CN	segLR	segMAF	numMAtumorPred	purity	baseLevel
1	998789	48647531	0.230769	1	-0.396924	0.181667	0	0.7000	2
1	50130015	59116604	0.15	2	-0.134528	0.208644	0	0.7000	2
1	60559045	68166419	0.230769	1	-0.539553	0.484004	0	0.7000	2
1	69579322	119987352	0.5	2	0.122458	0.484457	1	0.7000	2
1	119996727	120069676	NA	0	-1.95313	NA	NA	0.7000	2
1	121441892	187018069	0.294118	4	0.754919	0.328517	1	0.7000	2
1	187817221	247600865	0.294118	4	0.900346	0.327646	1	0.7000	2
2	1273955	47445927	0.5	2	-0.149776	0.375337	1	0.7000	2
2	47462761	111912918	0.5	2	-0.019902	0.392622	1	0.7000	2
2	113219909	113236449	0.37037	3	0.327407	0.316744	1	0.7000	2
2	113236450	189855160	0.5	2	0.005394	0.392859	1	0.7000	2
2	189855161	189864472	NA	2	-0.182948	NA	NA	0.7000	2
2	189867529	241859108	0.5	2	0.11881	0.389998	1	0.7000	2
3	1147739	10096742	0.230769	1	-0.667972	0.281713	0	0.7000	2
3	10098450	12592062	0.230769	1	-0.446563	0.491866	0	0.7000	2
3	12599421	12609420	0.15	2	-0.240542	0.199786	0	0.7000	2
3	12611680	50787094	0.230769	1	-0.487495	0.202953	0	0.7000	2
3	50889269	82340732	0.230769	1	-0.320351	0.184427	0	0.7000	2
3	83129488	127300006	0.230769	1	-0.426656	0.20911	0	0.7000	2
3	128481636	148859439	0.230769	1	-0.328302	0.209766	0	0.7000	2
3	151397937	165054412	0.230769	1	-0.320284	0.208363	0	0.7000	2
3	166725916	179220322	0.37037	3	0.397608	0.48864	1	0.7000	2
3	179220716	197087347	0.5	2	0.1585	0.397123	1	0.7000	2
4	1064261	67071222	0.37037	3	0.515609	0.421648	1	0.7000	2
4	67729341	146248919	0.15	2	0.093064	0.167684	0	0.7000	2
4	146951786	150283851	0.5	2	-0.006581	0.488366	1	0.7000	2
4	151449176	189422253	0.15	2	0.100424	0.161297	0	0.7000	2
5	218086	1272550	NA	2	-0.245689	NA	NA	0.7000	2
5	1278371	44576379	0.37037	3	0.3895	0.488432	1	0.7000	2
5	45734672	120300604	0.5	2	0.112536	0.384152	1	0.7000	2
5	122026854	180649815	0.5	2	-0.121448	0.38703	1	0.7000	2
6	394629	71504507	0.5	2	0.190819	0.474806	1	0.7000	2
6	72017760	103838671	0.230769	1	-0.420978	0.197582	0	0.7000	2
6	104545816	117317542	0.230769	1	-0.496348	0.24244	0	0.7000	2
6	117317918	117328917	0.230769	1	-0.530955	0.197039	0	0.7000	2
6	117328918	117425926	0.230769	1	-0.563847	0.481388	0	0.7000	2
6	117542672	129594572	0.15	2	-0.266154	0.215162	0	0.7000	2
6	130722996	137653623	0.5	2	-0.26156	0.486941	1	0.7000	2
6	138497391	169206398	0.230769	1	-0.419259	0.191719	0	0.7000	2
7	1165721	5983261	0.5	2	-0.059526	0.486063	1	0.7000	2
7	5986489	55202045	0.37037	3	0.297328	0.494767	1	0.7000	2
7	55202046	57553148	0.414634	5	1.04217	0.486117	2	0.7000	2
7	62642691	87336593	0.230769	1	-0.349406	0.247035	0	0.7000	2
7	88425307	116696307	0.230769	1	-0.512723	0.193985	0	0.7000	2
7	116696308	123077454	0.230769	1	-0.423332	0.195292	0	0.7000	2
7	124599736	129212721	0.230769	1	-0.479139	0.231196	0	0.7000	2
7	130341331	132885149	0.230769	1	-0.316439	0.492607	0	0.7000	2
7	134343329	146495976	0.230769	1	-0.548416	0.236931	0	0.7000	2
7	147038717	159180184	0.230769	1	-0.375047	0.197906	0	0.7000	2
8	612320	31081566	0.230769	1	-0.432979	0.208944	0	0.7000	2
8	31083429	31085516	NA	0	-3.51434	NA	NA	0.7000	2
8	31087506	42570566	0.230769	1	-0.461552	0.220636	0	0.7000	2
8	46084884	60030817	0.243902	5	1.13999	0.270788	1	0.7000	2
8	61090585	64498998	0.414634	5	1.12309	0.485491	2	0.7000	2
8	66335738	82036699	0.243902	5	0.99722	0.196089	1	0.7000	2
8	82724789	90765930	0.243902	5	1.01515	0.200769	1	0.7000	2
8	91772726	105993116	0.208333	6	1.30987	0.173075	1	0.7000	2
8	106655194	127741125	0.208333	6	1.32618	0.201691	1	0.7000	2
8	128297133	138105765	0.208333	6	1.31526	0.182123	1	0.7000	2
8	139330272	144918728	0.37037	3	0.42028	0.243908	1	0.7000	2
9	1206178	19437274	0.230769	1	-0.442086	0.231892	0	0.7000	2
9	19645408	126138011	0.230769	1	-0.395747	0.200373	0	0.7000	2
9	126833715	137615408	0.243902	5	1.04255	0.27119	1	0.7000	2
10	970352	133411178	0.5	2	-0.032372	0.382738	1	0.7000	2
11	532366	7162185	0.37037	3	0.39328	0.412316	1	0.7000	2
11	7882149	9368153	0.5	4	0.669519	0.477867	2	0.7000	2
11	9751661	75681824	0.37037	3	0.483589	0.427757	1	0.7000	2
11	76446669	78417990	0.223684	10	1.98788	0.259268	2	0.7000	2
11	80560594	88523745	0.37037	3	0.538674	0.42	1	0.7000	2
11	89621109	102211622	0.15	2	-0.158857	0.178557	0	0.7000	2
11	102211623	102227622	0.15	2	0.00391	0.16871	0	0.7000	2
11	102227623	102227851	NA	0	-16.4422	NA	NA	0.7000	2
11	102229432	133796660	0.15	2	-0.082181	0.16205	0	0.7000	2
12	285186	132687585	0.37037	3	0.267007	0.494592	1	0.7000	2
13	18718856	24131713	0.5	2	0.155341	0.446355	1	0.7000	2
13	26254372	32358211	0.230769	1	-0.503824	0.48794	0	0.7000	2
13	32358212	32358412	NA	0	-5.26363	NA	NA	0.7000	2
13	32358413	44424504	0.230769	1	-0.359238	0.488507	0	0.7000	2
13	45422902	114292050	0.5	2	0.047772	0.378527	1	0.7000	2
14	20177448	106815315	0.5	2	0.039476	0.380422	1	0.7000	2
15	22867865	38008572	0.230769	1	-0.313159	0.212208	0	0.7000	2
15	38204114	38723402	0.230769	1	-0.454733	0.4776	0	0.7000	2
15	38900732	40106045	0.15	2	-0.191319	0.193397	0	0.7000	2
15	40348122	63448919	0.230769	1	-0.360949	0.193326	0	0.7000	2
15	64674743	85063853	0.37037	3	0.259967	0.490763	1	0.7000	2
15	86491709	90750096	0.230769	1	-0.550818	0.47728	0	0.7000	2
15	90750097	90750337	NA	0	-3.6072	NA	NA	0.7000	2
15	90751517	101414032	0.230769	1	-0.444729	0.214353	0	0.7000	2
16	82202	942610	0.294118	4	0.766207	0.24554	1	0.7000	2
16	1004934	1991801	0.5	8	1.69442	0.477891	4	0.7000	2
16	2048000	3300992	0.37037	3	0.585596	0.278886	1	0.7000	2
16	3356949	21054490	0.294118	4	0.782838	0.231228	1	0.7000	2
16	21191779	22782117	0.294118	4	0.743858	0.279344	1	0.7000	2
16	22783099	23630457	0.5	4	0.891612	0.493525	2	0.7000	2
16	23630458	23630739	NA	0	-2.20833	NA	NA	0.7000	2
16	23634592	25057743	0.294118	4	0.698071	0.246132	1	0.7000	2
16	25435006	49739578	0.294118	4	0.715124	0.244764	1	0.7000	2
16	50318941	72960415	0.230769	1	-0.400409	0.182278	0	0.7000	2
16	73149232	77067345	0.5	4	0.665228	0.475062	2	0.7000	2
16	78118425	87537865	0.230769	1	-0.482888	0.208021	0	0.7000	2
16	87547283	89816885	0.230769	1	-0.519166	0.208313	0	0.7000	2
16	90028560	90029179	0.5	2	-0.277121	0.491197	1	0.7000	2
17	1423159	17215137	0.230769	1	-0.427032	0.184409	0	0.7000	2
17	17215138	31707113	0.5	4	0.641069	0.415434	2	0.7000	2
17	31940042	31940583	NA	0	-2.15801	NA	NA	0.7000	2
17	32256871	42218526	0.37037	3	0.558316	0.421578	1	0.7000	2
17	42218527	42219587	NA	0	-2.2584	NA	NA	0.7000	2
17	42219588	46172413	0.294118	4	0.672785	0.358419	1	0.7000	2
17	47120665	61010757	0.294118	4	0.857679	0.375448	1	0.7000	2
17	61163799	82832724	0.37037	3	0.57301	0.415219	1	0.7000	2
18	319641	33833794	0.230769	1	-0.323219	0.492104	0	0.7000	2
18	34042113	51605633	0.230769	1	-0.744305	0.306629	0	0.7000	2
18	52153682	63640046	NA	0	-1.10333	0.481056	NA	0.7000	2
18	63640604	64327787	NA	0	-2.10769	0.464776	NA	0.7000	2
18	65146195	79132754	0.230769	1	-0.732171	0.283362	0	0.7000	2
19	1206644	7803497	0.5	2	0.10802	0.487091	1	0.7000	2
19	9106966	15161391	0.230769	1	-0.626618	0.23568	0	0.7000	2
19	15161392	31178063	0.230769	1	-0.443799	0.246007	0	0.7000	2
19	32553623	47688225	0.5	2	0.171039	0.48606	1	0.7000	2
19	48261235	58200865	0.294118	4	0.655106	0.370075	1	0.7000	2
20	1369079	8879305	0.5	4	0.848396	0.415594	2	0.7000	2
20	9307545	9580886	NA	2	-0.158597	NA	NA	0.7000	2
20	10104097	45335799	0.37037	3	0.423111	0.30479	1	0.7000	2
20	45335800	63387705	0.414634	5	0.988386	0.493353	2	0.7000	2
21	10567446	24569929	0.5	2	-0.175938	0.483089	1	0.7000	2
21	25191410	41491123	0.15	2	0.143697	0.266767	0	0.7000	2
21	41491124	41496123	0.230769	1	-0.334621	0.181534	0	0.7000	2
21	41496124	41507123	0.230769	1	-0.372628	0.192177	0	0.7000	2
21	41507124	42402401	0.15	2	-0.21167	0.208924	0	0.7000	2
21	42459327	43381250	0.5	2	-0.17881	0.483675	1	0.7000	2
21	43543497	46496997	0.37037	3	0.57321	0.381124	1	0.7000	2
22	16829289	20986167	0.5	2	-0.225482	0.487118	1	0.7000	2
22	20987234	38992715	0.230769	1	-0.527113	0.201989	0	0.7000	2
22	39158435	42127382	0.5	2	-0.269974	0.493324	1	0.7000	2
22	42127383	42129999	0.5	4	0.848229	0.480799	2	0.7000	2
22	42130000	42131501	NA	3	0.351115	NA	NA	0.7000	2
22	42131502	42132646	0.5	6	1.22485	0.489965	3	0.7000	2
22	42940413	50635148	0.230769	1	-0.417704	0.225456	0	0.7000	2
X	2785283	34619571	0.230769	1	-0.335285	0.48108	0	0.7000	2
X	35641012	45812888	0.5	2	0.223143	0.397895	1	0.7000	2
X	47145177	154929725	0.5	2	-0.053068	0.365562	1	0.7000	2
