CHR	segStart	segEnd	mafPred	CN	segLR	segMAF	numMAtumorPred	purity	baseLevel
chr1	150501	121571999	0.5	2	0.012	0.341	1	0.7200	2
chr1	121572000	125315459	NA	1	-0.821	NA	NA	0.7200	2
chr1	143284069	188114645	0.5	2	0.078	0.358	1	0.7200	2
chr1	188114646	191981534	0.5	2	-0.198	0.412	1	0.7200	2
chr1	191982035	248365630	0.14	2	0.091	0.262	0	0.7200	2
chr2	38904	1605532	0.14	2	-0.187	0.088	0	0.7200	2
chr2	1605533	89305456	0.5	2	0.009	0.371	1	0.7200	2
chr2	89305457	90506050	NA	1	-0.489	NA	NA	0.7200	2
chr2	91381786	92128733	0.5	2	0.118	0.741	1	0.7200	2
chr7	55086725	55324313	NA	5	1.142	NA	NA	0.7200	2
chr17	7674220	7676592	0.367647	3	0.523	0.281	1	0.7200	2
