CHR	segStart	segEnd	mafPred	CN	segLR	segMAF	numMAtumorPred	purity	baseLevel
1	150501	121571999	NA	21	0.00159751	0.325985	1	0.5000	2.0
1	121572000	125315459	NA	1	-0.787217	NA	NA	0.5000	2.0
1	143284069	188114645	NA	2	0.0814866	0.349898	1	0.5000	2.0
1	188114646	191981534	NA	2	-0.223514	0.410108	1	0.5000	2.0
1	191982035	248365630	NA	2	0.0839196	0.255484	1	0.5000	2.0
2	38904	1605532	NA	2	-0.201785	0.0921659	2	0.5000	2.0
2	1605533	89305456	NA	2	0.0118117	0.364427	1	0.5000	2.0
2	89305457	90506050	NA	1	-0.444685	0.0902528	1	0.5000	2.0
2	91381786	92128733	NA	2	0.113465	0.752221	2	0.5000	2.0
